109
350
127
494
258
6
472
346
198
209
215
455
289
286
446
303
297
140
55
296
112
227
209
8
31
200
75
471
461
182
360
119
149
43
448
157
108
272
440
162
34
380
253
311
439
139
55
407
375
317
416
200
100
213
280
205
293
163
295
115
383
232
380
126
278
75
209
215
100
224
90
423
126
217
189
490
226
348
160
59
376
196
454
390
350
283
270
123
491
18
412
65
150
279
358
243
189
212
166
177
135
6
19
182
413
445
461
20
387
46
234
425
85
445
31
100
128
169
497
371
251
315
438
485
264
237
286
330
40
318
459
211
278
198
440
86
481
93
225
479
320
434
176
148
131
313
342
150
6
486
262
468
324
129
389
315
398
66
241
471
305
383
227
164
337
253
500
310
373
343
207
375
110
109
481
487
429
400
57
384
150
484
228
426
185
396
277
370
250
122
107
206
247
122
374
394
227
114
466
403
436
181
288
24
74
356
163
441
396
399
241
104
319
495
316
409
188
260
474
371
278
200
429
126
11
418
393
412
337
94
423
15
89
21
83
300
128
226
179
382
439
11
354
125
261
401
285
143
195
181
156
82
241
215
380
5
184
134
373
474
470
221
345
405
92
170
28
80
318
183
426
186
317
37
418
343
435
60
187
393
300
325
143
226
307
435
335
159
59
161
433
25
108
175
478
1
130
317
335
347
294
23
272
314
211
94
86
259
301
228
411
28
99
287
439
267
167
153
277
380
116
285
42
18
171
486
146
357
466
364
492
136
10
301
51
173
214
101
441
461
128
127
280
175
497
194
217
235
154
103
283
114
400
495
4
362
3
228
199
355
288
14
106
256
28
112
214
365
42
145
232
294
259
431
285
460
258
196
36
418
498
287
70
130
417
394
206
138
343
130
192
161
70
131
436
65
473
100
387
129
5
423
419
364
205
416
208
358
27
50
447
315
235
377
419
180
51
206
297
252
498
254
126
244
263
453
16
477
262
392
459
430
401
255
390
325
377
107
225
301
97
125
100
374
218
5
260
100
191
359
306
210
329
281
190
76
240
153
79
90
308
485
24
205
195
491
38
150
178
102
120
70
149
334
9
321
307
329
34
314
12
391
379
500
10
462
338
227
241
302
63
136
126
303
115
85
167
484
197
215
141
53
45
136
442
7
33
45
468
305
75
335
146
25
441
282
67
408
174
96
96
375
445
265
328
382
70
368
57
23
70
305
99
95
56
145
361
52
474
251
305
57
403
116
205
70
397
178
447
294
193
276
422
82
179
24
431
230
75
322
79
420
325
223
20
393
101
214
156
112
324
469
26
381
331
258
405
95
91
124
33
27
342
25
273
226
230
231
102
438
405
211
399
60
381
322
216
271
500
41
376
383
48
23
498
274
266
209
24
334
118
264
13
43
170
339
262
176
196
168
424
363
117
28
145
338
311
417
85
13
75
48
473
69
268
345
189
298
98
490
361
179
369
417
488
57
60
239
307
176
349
428
424
364
1
177
205
13
398
193
436
26
151
427
481
211
446
301
43
220
126
312
69
317
240
305
104
60
186
57
70
210
103
432
270
170
8
407
61
138
418
232
327
420
181
336
413
239
184
44
189
301
97
152
484
276
390
469
208
117
385
467
184
31
308
174
13
51
214
131
113
197
343
46
91
230
489
31
337
158
258
115
278
494
386
132
157
202
23
163
15
433
3
445
213
134
89
41
202
60
349
146
291
305
110
279
296
104
239
22
154
422
449
473
450
484
191
104
23
493
462
299
373
411
245
259
217
473
109
477
85
464
44
108
371
118
304
180
397
31
398
144
163
321
60
419
357
66
45
182
175
481
39
127
23
431
143
368
394
67
258
452
143
209
130
438
356
327
352
175
53
386
83
372
67
344
175
201
438
144
211
50
150
198
444
146
329
193
388
310
195
487
423
67
259
438
364
330
127
130
490
239
232
29
333
148
106
476
202
194
484
300
486
306
26
74
263
12
214
160
322
462
22
23
252
435
229
433
101
152
77
185
24
322
144
316
105
9
409
209
142
313
392
256
313
385
256
380
392
156
87
412
123
76
300
427
169
486
179
203
132
206
104
248
75
29
101
76
190
198
297
319
169
128
383
48
299
258
373
55
463
469
315
370
316
182
220
430
166
450
151
127
259
31
106
381
72
499
10
299
452
143
388
329
152
10
254
237
346
184
151
43
217
239
379
6
486
370
266
486
344
228
401
231
277
141
90
91
172
161
454
191
183
202
316
349
366
144
342
283
267
336
304
362
413
10
400
75
160
486
